15,92
15,91
15,90
15,89
15,88
15,87
15,86
15,85
15,84
15,83
15,82
15,81
15,80
15,79
15,78
15,77
15,76
15,75
15,74
15,73
15,72
15,71
15,70
15,69
15,68
15,67
15,66
15,65
15,64
15,37
15,36
15,35
15,34
15,33
15,32
15,31
15,30
15,29
15,28
17,7
17,6
17,5
17,4
17,3
17,2
17,1
17,0
16,5
16,4
16,3
16,2
16,1
16,0
15,27
15,26
15,25
15,24
15,23
15,22
15,21
15,20
15,19
15,18
15,17
15,16
15,15
15,14
15,13
15,12
15,11
15,10
15,7
15,6
15,5
15,4
15,3
15,2
15,1
15,0
14,4
14,3
14,2
14,1
14,0
13,8
13,7
13,6
13,5
13,4
13,3
13,2
13,1
13,0
12,5
12,4
12,3
12,2
12,1
12,0
11,4
11,3
11,2
11,1
11,0
10,5
10,4
10,3
10,2
10,1
10,0
9,5
9,4
9,3
9,2
9,1
9,0
8,5
8,4
8,3
8,2
8,1
8,0
7,5
7,4
7,3
7,2
7,1
7,0
6,6
6,5
6,4
6,3
6,2
6,1
6,0
4,3
4,2
4,1
4,0
3,6
3,5
3,4
3,3
3,2
3,1
3,0
2,3
2,2
2,1
2,0
1,3
1,2
1,1
1,0
0,243
0,9
0,1
0,240
0,239
0,238
0,237
0,236
0,235
0,234
0,233
0,232
0,231
0,230
0,229
0,228
0,227
0,226
0,225
0,224
0,223
0,222
0,221
0,220
0,219
0,218
0,217
0,216
0,215
0,214
0,213
0,212
0,211
0,210
0,209
0,208
0,207
0,206
0,205
0,204
0,203
0,202
0,201
0,200
0,199
0,198
0,197
0,196
0,195
0,194
0,193
0,192
0,319
0,318
0,317
0,316
0,315
0,314
0,313
0,312
0,311
0,310
0,309
0,308
0,307
0,301
0,300
0,299
0,298
0,297
0,296
0,295
0,294
0,293
0,292
0,291
0,290
0,289
0,288
0,287
0,286
0,285
0,284
0,283
0,282
0,281
0,280
0,279
0,278
0,277
0,276
0,275
0,274
0,273
0,272
0,271
0,270
0,269
0,268
0,267
0,266
0,265
0,264
0,263
0,262
0,261
0,260
0,259
0,258
0,257
0,256
0,63
0,62
0,61
0,60
0,59
0,58
0,57
0,56
0,55
0,54
0,53
0,52
0,51
0,50
0,49
0,48
0,47
0,46
0,45
0,6
0,0
0,5
0,304
0,303
0,306
0,305
0,302
0,12
0,10
0,8
0,11
0,4
0,2
0,3
0,7
